init[[0.31010264 0.48672342 0.6414122  0.40419114]
 [0.31668177 0.48024145 0.65682226 0.38537684]
 [0.31511664 0.48973042 0.654544   0.37676033]
 [0.31638378 0.48718864 0.65992045 0.36964864]
 [0.3198806  0.47710398 0.66661984 0.37261257]
 [0.32045314 0.47086474 0.66273457 0.37298205]]
[[ 0.00911224  0.00503215  0.00321591 -0.00554904]
 [-0.00676441  0.02315333 -0.0018636   0.02199465]
 [ 0.00823048  0.00202516 -0.00165141 -0.01012599]
 [ 0.0028311  -0.00125265 -0.00289565 -0.00155941]
 [ 0.00346652  0.00883201 -0.00133055 -0.01470762]
 [ 0.01115844 -0.00675222 -0.00364363  0.00044182]]

8.037024235818535e-05[[0.31484574 0.48876938 0.64825535 0.38458848]
 [0.3153843  0.48922935 0.6524915  0.37482756]
 [0.31432408 0.4782627  0.6513452  0.3810893 ]
 [0.3258379  0.48314217 0.6618676  0.35599598]
 [0.31690937 0.47513407 0.6565099  0.37610316]
 [0.31723663 0.47479916 0.6550442  0.37669152]]
[[ 0.00126997  0.00444108  0.00257111  0.01259872]
 [-0.00546694  0.0098007  -0.01199561  0.02235964]
 [ 0.00075856  0.01640269 -0.00878322 -0.00136089]
 [-0.00249079 -0.00302577  0.00652081  0.01936775]
 [ 0.00850385 -0.00956666  0.01291162 -0.00219434]
 [ 0.01954022 -0.01068664  0.02780706 -0.02024147]]

0.0001355064014205709[[0.3115142  0.49395275 0.6447645  0.40181354]
 [0.31037667 0.4949578  0.64706016 0.39745495]
 [0.3190926  0.4868371  0.66132516 0.37291798]
 [0.32243687 0.47988617 0.6674904  0.36559603]
 [0.3218964  0.48578605 0.66193587 0.3703596 ]
 [0.32301086 0.47698188 0.66887933 0.36635634]]
[[-0.0005638   0.00216752 -0.00220251  0.00119326]
 [ 0.00367293 -0.01193163 -0.00931913  0.02543545]
 [-0.00091079  0.0034636  -0.00843257 -0.01501304]
 [ 0.00504246 -0.03468734 -0.02596152 -0.00041658]
 [-0.00061542 -0.01294416  0.00025421 -0.00808996]
 [ 0.00033626  0.00022471 -0.00255704  0.01046228]]

0.00018622415882418863[[0.31556517 0.49178576 0.6527989  0.3928189 ]
 [0.31473804 0.49332333 0.65109015 0.39557368]
 [0.31779203 0.49314225 0.6529192  0.37432852]
 [0.32357574 0.47300214 0.6564608  0.37164488]
 [0.32120275 0.47213492 0.6552972  0.37972677]
 [0.32272118 0.4725033  0.6570477  0.37855664]]
[[-0.00771394 -0.01166937 -0.01333606  0.0014585 ]
 [-0.00688681 -0.00156775 -0.0043959   0.01325271]
 [ 0.00038978  0.0073427   0.00617176 -0.0018746 ]
 [-0.02295589  0.02166325  0.00986147  0.02117762]
 [ 0.00834271  0.00313181 -0.01066911  0.00291145]
 [ 0.01405567 -0.005481    0.01650602 -0.0206517 ]]

0.00025878339874907397