Testing Data

[[1890. 1920. 3888. 1542.]
 [1878. 2028. 3792. 1512.]
 [1866. 1950. 3846. 1494.]
 [1854. 2004. 3816. 1518.]
 [1956. 1914. 3966. 1470.]]
[[1926.2244 1907.863  3823.0151 1531.6392]
 [1846.2433 2064.24   3830.1467 1535.4235]
 [1924.9941 1914.4951 3827.238  1539.7499]
 [1725.9749 2055.7317 3790.457  1623.0563]
 [1924.0647 1914.8986 3826.151  1539.6039]]
[[ -36.224365    12.136963    64.98486     10.36084  ]
 [  31.756714   -36.23999    -38.14673    -23.423462 ]
 [ -58.99414     35.504883    18.761963   -45.749878 ]
 [ 128.02515    -51.73169     25.542969  -105.056274 ]
 [  31.935303    -0.8985596  139.84912    -69.60388  ]]
1/1 [==============================] - 0s 0s/step - loss: 2.3238 - accuracy: 1.0000
Clipping input data to the valid range for imshow with RGB data ([0..1] for floats or [0..255] for integers).
Clipping input data to the valid range for imshow with RGB data ([0..1] for floats or [0..255] for integers).
Clipping input data to the valid range for imshow with RGB data ([0..1] for floats or [0..255] for integers).
Clipping input data to the valid range for imshow with RGB data ([0..1] for floats or [0..255] for integers).

Training Data

[[1925.994  1913.9087 3827.8984 1540.0184]
 [1788.0494 2027.8699 3755.4282 1686.1954]
 [1853.9629 2027.7751 3743.6455 1644.1505]
 [1830.0117 2039.9501 3731.969  1566.0338]
 [1955.9907 1925.9487 3911.9795 1476.0414]
 [1878.0098 1967.9373 3869.8936 1554.0583]
 [1835.9834 2033.9097 3779.871  1638.1392]
 [1877.9882 2003.9241 3863.8843 1476.1132]
 [1787.9866 1979.9199 3713.9158 1626.0549]
 [1878.0682 1979.9954 3881.7334 1548.0609]
 [1824.069  1991.8813 3703.9478 1743.9281]
 [1745.98   2040.0164 3869.8804 1620.2164]
 [1901.8711 1835.9326 3725.8599 1506.0763]
 [1799.9873 2057.9382 3719.6191 1638.2627]
 [1806.0265 2045.6289 3731.811  1662.1776]
 [1848.0015 2021.855  3791.668  1476.1237]
 [1847.9731 2063.8848 3827.7004 1536.0376]
 [1914.0364 1959.9531 3743.8943 1578.015 ]
 [1799.8967 2075.912  3803.684  1680.2057]]
[[1926. 1914. 3828. 1540.]
 [1788. 2028. 3756. 1686.]
 [1854. 2028. 3744. 1644.]
 [1830. 2040. 3732. 1566.]
 [1956. 1926. 3912. 1476.]
 [1878. 1968. 3870. 1554.]
 [1836. 2034. 3780. 1638.]
 [1878. 2004. 3864. 1476.]
 [1788. 1980. 3714. 1626.]
 [1878. 1980. 3882. 1548.]
 [1824. 1992. 3704. 1744.]
 [1746. 2040. 3870. 1620.]
 [1902. 1836. 3726. 1506.]
 [1800. 2058. 3720. 1638.]
 [1806. 2046. 3732. 1662.]
 [1848. 2022. 3792. 1476.]
 [1848. 2064. 3828. 1536.]
 [1914. 1960. 3744. 1578.]
 [1800. 2076. 3804. 1680.]]
[[ 0.00598145  0.09130859  0.1015625  -0.01843262]
 [-0.04943848  0.13012695  0.57177734 -0.19543457]
 [ 0.03710938  0.22485352  0.3544922  -0.1505127 ]
 [-0.01171875  0.04992676  0.03100586 -0.03381348]
 [ 0.00927734  0.05126953  0.02050781 -0.04138184]
 [-0.00976562  0.06274414  0.10644531 -0.05834961]
 [ 0.01660156  0.09033203  0.12890625 -0.13916016]
 [ 0.01184082  0.07592773  0.11572266 -0.11315918]
 [ 0.01342773  0.08007812  0.08422852 -0.05493164]
 [-0.0682373   0.00463867  0.26660156 -0.06091309]
 [-0.06896973  0.11865234  0.05224609  0.07189941]
 [ 0.02001953 -0.01635742  0.11962891 -0.21643066]
 [ 0.12890625  0.06738281  0.14013672 -0.07629395]
 [ 0.01269531  0.06176758  0.38085938 -0.2626953 ]
 [-0.02648926  0.37109375  0.18896484 -0.1776123 ]
 [-0.00146484  0.14501953  0.33203125 -0.12365723]
 [ 0.02685547  0.11523438  0.29956055 -0.03759766]
 [-0.03637695  0.046875    0.10571289 -0.01501465]
 [ 0.10327148  0.08789062  0.31591797 -0.20568848]]
Clipping input data to the valid range for imshow with RGB data ([0..1] for floats or [0..255] for integers).